,Start_Day,End_Day
0,1,1
1,2,3
2,4,6
3,5,7
4,10,11
5,12,13
6,15,16
7,18,20
8,19,23
9,21,29
10,22,39
11,24,42
12,30,43
13,40,44
14,46,49
15,47,52
16,48,53
17,50,54
18,58,62
19,59,64
20,60,66
21,63,67
22,65,68
23,69,71
24,70,72
25,73,75
26,74,79
27,76,83
28,77,89
29,80,92
30,84,93
31,90,95
32,94,96
33,0,0
34,0,0
35,0,0
36,0,0
37,0,0
38,0,0
39,0,0
40,0,0
41,0,0
42,0,0
43,0,0
44,0,0
45,0,0
46,0,0
47,0,0
48,0,0
49,0,0
50,0,0
51,0,0
52,0,0
53,0,0
54,0,0
55,0,0
56,0,0
57,0,0
58,0,0
59,0,0
60,0,0
61,0,0
62,0,0
63,0,0
64,0,0
65,0,0
66,0,0
67,0,0
68,0,0
69,0,0
70,0,0
71,0,0
72,0,0
73,0,0
74,0,0
75,0,0
76,0,0
77,0,0
78,0,0
79,0,0
80,0,0
81,0,0
82,0,0
83,0,0
84,0,0
85,0,0
86,0,0
87,0,0
88,0,0
89,0,0
90,0,0
91,0,0
92,0,0
93,0,0
94,0,0
95,0,0
96,0,0
97,0,0
98,0,0
99,0,0
